10
1 1 2 1 1
5
7
7 10
2 2 6 1 2
3 2
4 2
0 0 1 2 3 4
2 1 4 2 1
2 5
1
0 1 3 10
4 1 10 3 1
4 6 4 8
1
0 3 4 4 5 6 9 9 9 10
2 2 8 2 1
10 3
2 9
0 2 3 3 4 6 6 7
3 2 10 1 2
5 5 8
3 5
0 0 4 7 8 8 9 9 10 10
4 2 30 4 2
3 2 2 10
2 6
0 2 2 4 5 6 7 9 9 15 15 16 17 18 18 19 19 22 23 24 24 24 25 25 25 26 27 27 28 29
5 2 70 5 1
6 6 6 4 5
5 6
0 0 0 1 1 5 6 8 10 12 12 14 15 15 17 17 18 18 19 19 22 24 26 26 28 30 30 31 32 32 32 33 33 33 34 35 35 35 37 38 40 40 41 42 46 46 47 48 48 51 53 54 55 56 56 57 59 60 61 61 63 63 64 65 65 66 67 67 70 70
4 3 100 1 3
9 9 5 2
8 7 8
0 3 5 6 10 12 13 14 15 15 19 19 20 20 21 22 22 23 23 26 26 26 26 30 31 33 33 35 36 39 39 39 40 40 41 41 42 43 43 45 47 48 49 50 50 51 51 51 51 51 52 54 58 58 59 60 60 60 60 61 61 62 62 63 63 66 69 69 69 70 71 72 73 73 74 75 76 76 79 81 82 82 82 85 87 87 88 91 91 91 94 94 96 96 96 98 98 99 99 100
5 3 100 1 1
9 10 3 5 3
8 8 10
0 0 0 0 1 1 3 3 4 5 7 8 8 9 9 11 11 13 14 15 16 17 17 18 19 19 22 22 23 23 25 26 26 27 27 30 30 34 34 36 36 38 41 44 44 45 45 47 47 49 50 50 51 53 53 58 61 62 62 63 64 65 67 67 69 70 72 73 75 76 77 80 80 80 81 81 83 83 83 84 87 87 89 89 89 90 90 91 92 93 93 93 93 95 95 98 99 100 100 100